24,25
24,24
24,23
24,22
24,21
0,452
0,451
24,20
24,19
0,450
0,449
24,18
24,17
24,16
24,15
24,14
24,13
24,12
24,11
24,10
24,9
24,8
24,7
24,6
24,5
24,4
0,448
0,447
0,446
0,445
0,444
0,443
0,442
0,441
0,440
0,439
0,438
0,437
0,436
0,435
0,434
0,433
0,432
0,431
0,430
0,429
0,428
0,427
0,426
0,425
0,424
0,423
0,422
0,421
0,420
0,419
0,418
0,417
0,416
0,415
0,414
0,413
0,412
0,411
0,410
0,409
0,408
0,407
0,406
0,405
0,404
0,403
0,402
0,401
0,400
0,399
0,398
0,397
0,396
0,395
0,394
0,393
0,392
0,391
0,390
0,389
0,388
0,387
0,386
0,385
0,384
0,319
0,318
0,317
0,316
0,283
0,243
25,3
25,2
25,1
25,0
24,3
24,2
0,9
24,1
24,0
3,2
3,1
3,3
10,70
10,153
10,26
10,151
10,157
10,2
10,3
11,13
11,8
11,17
11,18
11,10
11,11
11,2
11,3
9,5
9,2
9,3
8,8
8,7
8,5
8,2
8,3
12,2
12,1
12,3
